tracking_id,player_id,x,y,game_time
0,1,38.2,30.7,0.0
1,2,37.7,25.6,0.0
2,3,28.1,20.7,0.0
3,4,15.2,13.9,0.0
4,5,10.3,13.8,0.0
5,6,59.7,20.1,0.0
6,7,73.0,25.7,0.0
7,8,80.4,32.9,0.0
8,9,70.1,35.4,0.0
9,10,58.1,30.6,0.0
10,1,4.2,2.1,0.4
11,2,37.2,24.5,0.4
12,3,27.2,18.6,0.4
13,4,10.9,13.7,0.4
14,5,12.6,16.4,0.4
15,6,63.8,21.7,0.4
16,7,76.3,29.5,0.4
17,8,79.0,33.4,0.4
18,9,70.8,35.4,0.4
19,10,56.8,32.3,0.4
20,1,39.9,29.9,0.7
21,2,36.0,24.5,0.7
22,3,22.3,17.7,0.7
23,4,10.3,14.3,0.7
24,5,12.4,15.7,0.7
25,6,63.4,20.2,0.7
26,7,76.1,30.0,0.7
27,8,79.7,34.0,0.7
28,9,66.9,35.8,0.7
29,10,53.0,31.1,0.7
30,1,41.5,31.6,1.1
31,2,36.1,25.2,1.1
32,3,23.6,19.3,1.1
33,4,10.0,13.2,1.1
34,5,12.0,15.7,1.1
35,6,64.5,23.9,1.1
36,7,79.5,28.2,1.1
37,8,79.0,33.5,1.1
38,9,68.1,34.6,1.1
39,10,52.3,29.9,1.1
40,1,40.1,29.6,1.4
41,2,35.2,25.5,1.4
42,3,20.5,16.6,1.4
43,4,12.6,15.1,1.4
44,5,12.0,15.2,1.4
45,6,65.5,23.2,1.4
46,7,79.8,29.2,1.4
47,8,75.9,33.7,1.4
48,9,67.1,34.7,1.4
49,10,54.3,31.9,1.4
50,1,38.0,30.8,1.8
51,2,34.2,23.3,1.8
52,3,18.2,17.8,1.8
53,4,8.7,14.7,1.8
54,5,14.7,19.3,1.8
55,6,70.3,22.5,1.8
56,7,79.3,28.9,1.8
57,8,78.3,36.0,1.8
58,9,62.5,34.9,1.8
59,10,52.0,28.4,1.8
60,1,41.0,29.3,2.2
61,2,33.1,22.5,2.2
62,3,15.6,16.1,2.2
63,4,8.1,16.8,2.2
64,5,17.8,19.3,2.2
65,6,69.7,22.5,2.2
66,7,81.2,32.7,2.2
67,8,73.7,34.6,2.2
68,9,59.8,35.0,2.2
69,10,51.9,27.5,2.2
70,1,39.7,28.8,2.5
71,2,29.8,23.3,2.5
72,3,16.1,15.3,2.5
73,4,10.2,16.0,2.5
74,5,16.2,17.7,2.5
75,6,73.7,25.5,2.5
76,7,79.7,31.4,2.5
77,8,72.9,33.7,2.5
78,9,59.6,34.0,2.5
79,10,49.4,27.3,2.5
80,1,37.6,28.4,2.9
81,2,27.9,22.6,2.9
82,3,16.5,14.3,2.9
83,4,9.1,16.0,2.9
84,5,17.8,17.6,2.9
85,6,75.0,26.0,2.9
86,7,79.9,33.1,2.9
87,8,74.1,33.7,2.9
88,9,56.9,33.0,2.9
89,10,49.8,27.6,2.9
90,1,39.8,28.0,3.2
91,2,29.6,18.9,3.2
92,3,13.7,15.2,3.2
93,4,11.9,14.4,3.2
94,5,19.0,19.4,3.2
95,6,74.1,25.4,3.2
96,7,78.9,34.1,3.2
97,8,71.5,36.4,3.2
98,9,57.6,31.1,3.2
99,10,52.0,28.5,3.2
100,1,40.0,28.2,3.6
101,2,27.3,18.4,3.6
102,3,12.8,14.4,3.6
103,4,10.6,13.9,3.6
104,5,21.5,22.2,3.6
105,6,74.8,28.2,3.6
106,7,79.4,32.6,3.6
107,8,71.9,37.0,3.6
108,9,56.1,33.3,3.6
109,10,48.7,25.5,3.6
110,1,39.3,26.2,3.9
111,2,24.7,20.3,3.9
112,3,10.4,15.7,3.9
113,4,11.6,17.4,3.9
114,5,21.9,22.7,3.9
115,6,74.9,26.4,3.9
116,7,79.6,33.9,3.9
117,8,67.7,33.4,3.9
118,9,56.4,31.0,3.9
119,10,50.6,26.2,3.9
120,1,36.0,25.4,4.3
121,2,22.9,20.4,4.3
122,3,10.1,16.0,4.3
123,4,11.4,15.9,4.3
124,5,25.8,20.7,4.3
125,6,76.9,29.4,4.3
126,7,76.9,33.5,4.3
127,8,69.0,36.8,4.3
128,9,51.9,30.2,4.3
129,10,49.7,26.7,4.3
130,1,36.5,25.8,4.7
131,2,20.5,16.7,4.7
132,3,12.0,15.9,4.7
133,4,14.0,18.7,4.7
134,5,27.5,20.3,4.7
135,6,79.8,28.3,4.7
136,7,78.4,35.8,4.7
137,8,63.8,33.1,4.7
138,9,50.9,31.0,4.7
139,10,50.4,24.6,4.7
140,1,22.0,8.0,5.0
141,2,20.3,16.7,5.0
142,3,10.3,16.6,5.0
143,4,15.8,15.5,5.0
144,5,27.9,22.0,5.0
145,6,77.1,30.8,5.0
146,7,77.5,33.3,5.0
147,8,64.8,34.7,5.0
148,9,51.5,28.3,5.0
149,10,50.2,25.1,5.0
150,1,34.1,23.1,5.4
151,2,19.4,17.4,5.4
152,3,8.7,13.5,5.4
153,4,15.0,19.2,5.4
154,5,31.1,25.1,5.4
155,6,81.2,29.2,5.4
156,7,74.8,33.0,5.4
157,8,63.2,35.8,5.4
158,9,50.7,30.0,5.4
159,10,51.4,24.5,5.4
160,1,32.7,24.2,5.7
161,2,18.2,18.3,5.7
162,3,8.1,16.0,5.7
163,4,16.2,19.7,5.7
164,5,32.4,25.7,5.7
165,6,81.1,29.9,5.7
166,7,76.0,33.1,5.7
167,8,62.3,35.4,5.7
168,9,49.5,30.3,5.7
169,10,53.5,21.4,5.7
170,1,30.8,20.5,6.1
171,2,13.6,15.1,6.1
172,3,9.4,16.6,6.1
173,4,20.3,17.7,6.1
174,5,33.4,24.7,6.1
175,6,81.9,31.6,6.1
176,7,75.2,33.3,6.1
177,8,61.0,32.3,6.1
178,9,52.1,27.3,6.1
179,10,53.4,21.2,6.1
180,1,28.8,20.1,6.5
181,2,14.6,16.0,6.5
182,3,10.0,15.6,6.5
183,4,19.1,20.1,6.5
184,5,32.3,27.6,6.5
185,6,80.1,33.0,6.5
186,7,72.8,35.6,6.5
187,8,56.9,31.4,6.5
188,9,50.7,26.8,6.5
189,10,55.6,22.1,6.5
190,1,27.4,19.5,6.8
191,2,12.5,15.4,6.8
192,3,10.4,14.7,6.8
193,4,19.9,19.4,6.8
194,5,37.1,27.2,6.8
195,6,81.4,33.0,6.8
196,7,69.8,35.2,6.8
197,8,54.3,31.9,6.8
198,9,49.7,27.2,6.8
199,10,58.1,20.0,6.8
200,1,24.5,18.5,7.2
201,2,12.1,17.1,7.2
202,3,12.7,14.5,7.2
203,4,21.5,20.5,7.2
204,5,37.1,26.6,7.2
205,6,80.6,34.0,7.2
206,7,69.6,33.9,7.2
207,8,53.7,30.4,7.2
208,9,49.2,26.0,7.2
209,10,60.5,17.8,7.2
210,1,23.0,19.6,7.5
211,2,10.4,16.1,7.5
212,3,12.1,15.0,7.5
213,4,25.1,19.0,7.5
214,5,38.4,28.9,7.5
215,6,77.3,33.0,7.5
216,7,66.3,36.8,7.5
217,8,54.1,30.0,7.5
218,9,49.5,26.9,7.5
219,10,60.2,20.2,7.5
220,1,22.3,20.4,7.9
221,2,11.3,16.9,7.9
222,3,14.7,16.9,7.9
223,4,27.2,21.8,7.9
224,5,39.6,28.8,7.9
225,6,79.6,34.7,7.9
226,7,65.7,33.8,7.9
227,8,51.8,31.8,7.9
228,9,52.1,24.8,7.9
229,10,62.6,17.5,7.9
230,1,18.6,17.2,8.2
231,2,9.6,14.3,8.2
232,3,14.2,15.3,8.2
233,4,26.6,23.1,8.2
234,5,39.7,27.4,8.2
235,6,77.0,34.2,8.2
236,7,64.1,33.5,8.2
237,8,51.8,32.4,8.2
238,9,51.9,24.9,8.2
239,10,64.8,19.0,8.2
240,1,18.2,15.5,8.6
241,2,9.5,16.0,8.6
242,3,16.7,19.0,8.6
243,4,29.1,24.1,8.6
244,5,39.6,30.3,8.6
245,6,75.1,33.2,8.6
246,7,62.4,32.6,8.6
247,8,50.6,30.8,8.6
248,9,52.1,22.0,8.6
249,10,65.1,15.9,8.6
250,1,17.5,15.1,9.0
251,2,9.6,15.3,9.0
252,3,14.8,18.3,9.0
253,4,29.6,23.7,9.0
254,5,38.0,30.1,9.0
255,6,73.8,33.9,9.0
256,7,62.0,33.7,9.0
257,8,51.7,30.7,9.0
258,9,52.6,20.9,9.0
259,10,65.1,17.0,9.0
260,1,17.9,16.0,9.3
261,2,10.6,16.2,9.3
262,3,18.5,19.2,9.3
263,4,34.1,23.3,9.3
264,5,38.1,29.6,9.3
265,6,72.4,35.4,9.3
266,7,59.9,32.8,9.3
267,8,51.1,29.9,9.3
268,9,53.2,22.4,9.3
269,10,69.3,15.0,9.3
270,1,15.9,18.1,9.7
271,2,8.7,13.3,9.7
272,3,18.8,19.5,9.7
273,4,35.6,24.9,9.7
274,5,40.8,30.0,9.7
275,6,73.1,35.4,9.7
276,7,56.4,34.6,9.7
277,8,51.5,28.5,9.7
278,9,54.3,23.2,9.7
279,10,71.2,15.5,9.7
280,1,13.4,15.4,10.0
281,2,10.6,14.7,10.0
282,3,22.2,20.5,10.0
283,4,33.3,27.7,10.0
284,5,40.4,33.4,10.0
285,6,72.0,34.7,10.0
286,7,57.8,35.0,10.0
287,8,49.1,28.7,10.0
288,9,57.1,20.6,10.0
289,10,71.0,16.8,10.0
290,1,11.6,17.1,10.4
291,2,12.6,13.9,10.4
292,3,24.1,18.9,10.4
293,4,36.0,27.1,10.4
294,5,39.0,30.7,10.4
295,6,70.9,33.7,10.4
296,7,54.2,33.9,10.4
297,8,49.5,28.3,10.4
298,9,59.3,19.1,10.4
299,10,70.9,17.4,10.4
300,1,10.0,16.3,10.8
301,2,12.0,16.9,10.8
302,3,25.1,21.2,10.8
303,4,37.2,28.6,10.8
304,5,37.3,32.0,10.8
305,6,68.5,34.2,10.8
306,7,54.4,32.0,10.8
307,8,50.6,25.6,10.8
308,9,61.2,18.6,10.8
309,10,75.2,14.4,10.8
310,1,10.1,13.7,11.1
311,2,11.5,14.6,11.1
312,3,25.8,22.2,11.1
313,4,36.7,26.9,11.1
314,5,38.3,34.4,11.1
315,6,68.3,35.0,11.1
316,7,52.3,30.1,11.1
317,8,49.6,24.2,11.1
318,9,60.2,16.9,11.1
319,10,75.5,14.3,11.1
320,1,12.4,15.3,11.5
321,2,14.7,15.0,11.5
322,3,29.0,21.9,11.5
323,4,40.3,29.1,11.5
324,5,37.3,33.6,11.5
325,6,63.4,33.0,11.5
326,7,53.9,31.0,11.5
327,8,52.8,24.1,11.5
328,9,61.6,18.7,11.5
329,10,74.8,13.7,11.5
330,1,10.5,14.2,11.8
331,2,16.8,15.3,11.8
332,3,29.9,22.9,11.8
333,4,40.4,28.2,11.8
334,5,36.7,33.9,11.8
335,6,63.0,36.1,11.8
336,7,53.5,29.8,11.8
337,8,52.7,24.4,11.8
338,9,65.6,19.6,11.8
339,10,76.2,13.9,11.8
340,1,10.7,13.6,12.2
341,2,14.9,15.6,12.2
342,3,28.5,23.1,12.2
343,4,40.1,29.2,12.2
344,5,34.3,35.2,12.2
345,6,62.3,34.2,12.2
346,7,51.6,31.6,12.2
347,8,54.3,23.7,12.2
348,9,67.0,19.0,12.2
349,10,78.0,15.2,12.2
350,1,10.6,16.7,12.5
351,2,18.7,16.0,12.5
352,3,30.4,23.1,12.5
353,4,40.9,30.8,12.5
354,5,33.5,33.1,12.5
355,6,61.0,34.9,12.5
356,7,52.2,29.4,12.5
357,8,54.0,20.9,12.5
358,9,65.9,16.6,12.5
359,10,78.2,14.0,12.5
360,1,8.6,16.9,12.9
361,2,20.3,18.6,12.9
362,3,35.1,26.7,12.9
363,4,40.7,30.3,12.9
364,5,31.1,35.8,12.9
365,6,58.4,34.4,12.9
366,7,51.8,27.4,12.9
367,8,55.7,22.3,12.9
368,9,69.5,14.8,12.9
369,10,78.9,14.5,12.9
370,1,11.3,16.7,13.3
371,2,20.0,19.7,13.3
372,3,33.9,27.3,13.3
373,4,41.1,32.0,13.3
374,5,31.1,34.2,13.3
375,6,56.3,35.3,13.3
376,7,89.5,3.2,13.3
377,8,58.8,21.7,13.3
378,9,71.3,15.7,13.3
379,10,78.6,14.7,13.3
380,1,12.0,15.9,13.6
381,2,23.0,18.2,13.6
382,3,35.9,27.8,13.6
383,4,39.4,33.0,13.6
384,5,28.6,36.9,13.6
385,6,56.3,32.0,13.6
386,7,48.7,27.5,13.6
387,8,58.2,18.9,13.6
388,9,74.3,17.5,13.6
389,10,79.8,13.9,13.6
390,1,13.1,15.6,14.0
391,2,24.6,20.1,14.0
392,3,36.0,28.2,14.0
393,4,41.0,31.7,14.0
394,5,28.5,34.5,14.0
395,6,56.2,32.6,14.0
396,7,51.8,28.0,14.0
397,8,58.7,21.0,14.0
398,9,73.5,17.3,14.0
399,10,80.0,17.0,14.0
400,1,11.6,15.1,14.3
401,2,25.4,22.6,14.3
402,3,37.6,26.0,14.3
403,4,38.8,32.5,14.3
404,5,27.2,35.1,14.3
405,6,53.4,31.4,14.3
406,7,49.4,26.7,14.3
407,8,61.2,18.2,14.3
408,9,76.0,13.5,14.3
409,10,80.8,16.8,14.3
410,1,14.7,15.8,14.7
411,2,27.6,22.6,14.7
412,3,40.5,28.2,14.7
413,4,35.9,33.6,14.7
414,5,25.6,36.4,14.7
415,6,54.0,31.3,14.7
416,7,51.4,25.0,14.7
417,8,63.6,18.3,14.7
418,9,76.8,13.8,14.7
419,10,79.3,18.2,14.7
420,1,14.1,17.4,15.1
421,2,29.3,23.5,15.1
422,3,40.6,30.4,15.1
423,4,36.2,33.2,15.1
424,5,24.3,35.8,15.1
425,6,53.1,29.1,15.1
426,7,50.4,24.9,15.1
427,8,66.1,20.1,15.1
428,9,78.3,14.8,15.1
429,10,77.3,17.3,15.1
430,1,17.3,16.7,15.4
431,2,30.7,24.3,15.4
432,3,37.8,30.7,15.4
433,4,35.0,33.7,15.4
434,5,20.7,34.7,15.4
435,6,51.3,31.6,15.4
436,7,51.5,22.1,15.4
437,8,67.3,18.1,15.4
438,9,77.0,16.7,15.4
439,10,76.9,16.9,15.4
440,1,16.3,16.5,15.8
441,2,29.7,24.7,15.8
442,3,41.5,30.9,15.8
443,4,33.1,34.2,15.8
444,5,19.7,34.6,15.8
445,6,51.0,29.4,15.8
446,7,53.0,24.3,15.8
447,8,66.4,16.7,15.8
448,9,78.8,14.0,15.8
449,10,77.6,17.9,15.8
450,1,20.4,17.1,16.1
451,2,34.7,24.7,16.1
452,3,39.1,31.0,16.1
453,4,34.1,35.6,16.1
454,5,17.3,34.5,16.1
455,6,50.2,30.8,16.1
456,7,54.1,23.6,16.1
457,8,69.3,16.2,16.1
458,9,79.8,15.5,16.1
459,10,77.3,18.9,16.1
460,1,20.7,19.8,16.5
461,2,34.8,26.5,16.5
462,3,40.5,30.6,16.5
463,4,31.6,35.2,16.5
464,5,18.4,32.1,16.5
465,6,49.2,29.5,16.5
466,7,55.0,20.1,16.5
467,8,70.8,18.2,16.5
468,9,79.9,16.8,16.5
469,10,76.6,17.6,16.5
470,1,23.1,19.0,16.9
471,2,36.8,26.7,16.9
472,3,39.0,30.4,16.9
473,4,32.1,33.5,16.9
474,5,17.8,34.7,16.9
475,6,50.9,29.6,16.9
476,7,59.7,22.1,16.9
477,8,71.7,17.1,16.9
478,9,78.0,15.5,16.9
479,10,73.8,19.9,16.9
480,1,23.8,19.9,17.2
481,2,37.8,28.0,17.2
482,3,37.7,31.3,17.2
483,4,27.0,36.5,17.2
484,5,15.2,34.6,17.2
485,6,49.1,25.4,17.2
486,7,60.4,22.0,17.2
487,8,72.6,15.4,17.2
488,9,78.6,17.3,17.2
489,10,72.0,19.7,17.2
490,1,23.3,21.8,17.6
491,2,36.1,26.9,17.6
492,3,39.3,33.9,17.6
493,4,28.9,34.7,17.6
494,5,14.6,31.0,17.6
495,6,50.3,24.7,17.6
496,7,60.7,19.3,17.6
497,8,76.6,13.6,17.6
498,9,79.3,15.5,17.6
499,10,73.0,21.8,17.6
500,1,24.7,21.6,17.9
501,2,38.5,29.6,17.9
502,3,37.5,32.8,17.9
503,4,24.6,33.4,17.9
504,5,14.2,31.8,17.9
505,6,51.7,26.3,17.9
506,7,62.5,17.2,17.9
507,8,76.9,14.3,17.9
508,9,78.1,16.3,17.9
509,10,68.2,22.0,17.9
510,1,26.9,20.4,18.3
511,2,40.5,27.7,18.3
512,3,35.7,35.3,18.3
513,4,22.0,36.3,18.3
514,5,10.5,29.9,18.3
515,6,50.8,23.6,18.3
516,7,64.5,16.6,18.3
517,8,75.0,16.3,18.3
518,9,78.0,15.7,18.3
519,10,66.9,19.9,18.3
520,1,30.4,22.2,18.6
521,2,40.4,28.9,18.6
522,3,37.3,34.0,18.6
523,4,21.1,34.7,18.6
524,5,13.1,29.1,18.6
525,6,53.6,25.8,18.6
526,7,65.3,17.9,18.6
527,8,79.6,13.3,18.6
528,9,78.5,16.3,18.6
529,10,67.7,22.2,18.6
530,1,32.7,21.2,19.0
531,2,38.1,30.1,19.0
532,3,33.2,33.4,19.0
533,4,21.5,34.7,19.0
534,5,10.0,32.2,19.0
535,6,53.7,23.4,19.0
536,7,67.4,15.9,19.0
537,8,79.4,16.4,19.0
538,9,78.3,18.3,19.0
539,10,66.0,21.9,19.0
540,1,32.5,22.6,19.4
541,2,39.3,30.2,19.4
542,3,33.2,32.9,19.4
543,4,17.0,12.0,19.4
544,5,9.7,28.2,19.4
545,6,56.5,21.0,19.4
546,7,70.1,15.4,19.4
547,8,77.6,16.0,19.4
548,9,77.9,17.9,19.4
549,10,63.7,24.1,19.4
550,1,33.1,22.8,19.7
551,2,39.4,31.5,19.7
552,3,33.4,36.2,19.7
553,4,18.9,35.8,19.7
554,5,10.5,28.4,19.7
555,6,56.2,21.0,19.7
556,7,70.7,15.6,19.7
557,8,78.0,16.4,19.7
558,9,75.2,19.2,19.7
559,10,62.3,25.7,19.7
560,1,36.6,27.0,20.1
561,2,41.0,32.0,20.1
562,3,31.3,33.0,20.1
563,4,18.2,34.9,20.1
564,5,9.1,27.0,20.1
565,6,58.1,20.7,20.1
566,7,71.1,14.3,20.1
567,8,81.4,15.5,20.1
568,9,74.0,17.3,20.1
569,10,60.8,23.4,20.1
570,1,37.1,24.5,20.4
571,2,39.2,31.3,20.4
572,3,29.0,35.8,20.4
573,4,16.5,33.5,20.4
574,5,8.5,25.9,20.4
575,6,57.2,21.3,20.4
576,7,73.6,15.1,20.4
577,8,80.6,15.3,20.4
578,9,73.1,18.3,20.4
579,10,60.0,24.3,20.4
580,1,37.0,25.6,20.8
581,2,39.6,32.4,20.8
582,3,28.4,33.2,20.8
583,4,13.7,33.2,20.8
584,5,8.5,26.1,20.8
585,6,59.0,18.7,20.8
586,7,73.4,15.0,20.8
587,8,78.0,16.5,20.8
588,9,70.5,19.4,20.8
589,10,58.2,26.6,20.8
590,1,39.5,28.5,21.2
591,2,36.4,34.4,21.2
592,3,24.1,33.1,21.2
593,4,14.6,33.7,21.2
594,5,11.3,26.4,21.2
595,6,62.8,19.1,21.2
596,7,74.2,13.5,21.2
597,8,78.9,17.1,21.2
598,9,70.6,21.9,21.2
599,10,57.6,25.8,21.2
600,1,40.2,26.8,21.5
601,2,37.8,33.4,21.5
602,3,24.2,34.2,21.5
603,4,11.5,31.2,21.5
604,5,10.2,25.6,21.5
605,6,61.7,19.0,21.5
606,7,78.2,14.6,21.5
607,8,80.2,17.4,21.5
608,9,70.1,20.1,21.5
609,10,53.4,26.8,21.5
610,1,39.8,29.6,21.9
611,2,36.9,32.5,21.9
612,3,23.9,34.8,21.9
613,4,12.4,32.3,21.9
614,5,12.2,26.4,21.9
615,6,65.3,18.9,21.9
616,7,78.1,16.6,21.9
617,8,79.1,15.1,21.9
618,9,65.3,21.7,21.9
619,10,52.8,27.8,21.9
620,1,37.9,29.2,22.2
621,2,34.6,33.8,22.2
622,3,19.7,36.0,22.2
623,4,9.1,32.2,22.2
624,5,14.6,24.6,22.2
625,6,66.4,17.8,22.2
626,7,78.5,16.2,22.2
627,8,79.6,16.6,22.2
628,9,67.0,23.1,22.2
629,10,52.1,29.2,22.2
630,1,38.6,28.1,22.6
631,2,32.4,35.9,22.6
632,3,19.2,35.3,22.6
633,4,10.4,28.8,22.6
634,5,13.4,23.1,22.6
635,6,67.9,17.5,22.6
636,7,77.7,14.5,22.6
637,8,76.1,17.0,22.6
638,9,63.3,23.6,22.6
639,10,53.0,30.6,22.6
640,1,38.3,28.8,22.9
641,2,33.6,33.7,22.9
642,3,19.4,34.8,22.9
643,4,11.7,31.1,22.9
644,5,14.7,23.1,22.9
645,6,68.1,16.4,22.9
646,7,81.3,15.8,22.9
647,8,75.7,18.1,22.9
648,9,64.3,23.1,22.9
649,10,50.7,31.7,22.9
650,1,41.1,31.7,23.3
651,2,32.6,35.7,23.3
652,3,17.7,34.0,23.3
653,4,10.6,28.5,23.3
654,5,16.3,21.4,23.3
655,6,69.9,15.4,23.3
656,7,81.6,15.0,23.3
657,8,73.8,16.8,23.3
658,9,59.1,26.0,23.3
659,10,49.0,32.2,23.3
660,1,40.9,33.2,23.7
661,2,27.8,34.2,23.7
662,3,16.6,32.0,23.7
663,4,9.6,26.7,23.7
664,5,19.7,22.3,23.7
665,6,74.0,14.8,23.7
666,7,79.7,14.9,23.7
667,8,74.1,17.9,23.7
668,9,58.9,24.6,23.7
669,10,51.2,31.6,23.7
670,1,39.2,31.3,24.0
671,2,29.6,34.8,24.0
672,3,15.8,32.6,24.0
673,4,12.1,29.5,24.0
674,5,19.5,19.8,24.0
675,6,73.4,16.0,24.0
676,7,81.8,16.6,24.0
677,8,73.5,17.9,24.0
678,9,56.9,26.6,24.0
679,10,51.5,32.4,24.0
680,1,5.5,3.0,24.4
681,2,28.0,34.1,24.4
682,3,14.3,31.8,24.4
683,4,12.4,25.3,24.4
684,5,21.1,21.8,24.4
685,6,74.2,15.4,24.4
686,7,79.1,13.7,24.4
687,8,68.9,20.1,24.4
688,9,55.3,28.8,24.4
689,10,49.5,30.8,24.4
690,1,39.5,34.4,24.7
691,2,25.8,36.1,24.7
692,3,11.0,31.4,24.7
693,4,12.6,26.9,24.7
694,5,21.2,20.3,24.7
695,6,76.0,13.4,24.7
696,7,77.8,14.9,24.7
697,8,70.7,20.8,24.7
698,9,56.2,27.5,24.7
699,10,48.6,32.3,24.7
700,1,35.9,31.6,25.1
701,2,23.1,36.1,25.1
702,3,11.4,30.1,25.1
703,4,13.7,25.7,25.1
704,5,22.5,18.9,25.1
705,6,76.3,13.8,25.1
706,7,78.6,16.7,25.1
707,8,66.6,21.0,25.1
708,9,54.7,26.5,25.1
709,10,52.4,31.8,25.1
710,1,35.6,33.9,25.5
711,2,23.6,35.0,25.5
712,3,10.4,31.0,25.5
713,4,13.6,26.5,25.5
714,5,25.3,16.3,25.5
715,6,79.4,14.5,25.5
716,7,79.0,17.1,25.5
717,8,67.0,23.0,25.5
718,9,52.2,27.1,25.5
719,10,51.2,35.2,25.5
720,1,33.2,35.2,25.8
721,2,20.2,35.4,25.8
722,3,11.0,31.8,25.8
723,4,12.2,25.0,25.8
724,5,27.4,17.0,25.8
725,6,77.0,13.8,25.8
726,7,75.5,18.7,25.8
727,8,64.6,24.6,25.8
728,9,52.3,28.5,25.8
729,10,52.6,33.0,25.8
730,1,32.5,35.5,26.2
731,2,20.1,33.7,26.2
732,3,8.6,29.4,26.2
733,4,16.8,24.1,26.2
734,5,30.9,16.8,26.2
735,6,81.3,15.0,26.2
736,7,76.2,19.1,26.2
737,8,62.8,24.7,26.2
738,9,52.2,28.5,26.2
739,10,52.9,35.8,26.2
740,1,32.0,33.9,26.5
741,2,15.8,34.8,26.5
742,3,9.2,29.8,26.5
743,4,16.0,23.3,26.5
744,5,30.0,15.1,26.5
745,6,81.2,14.4,26.5
746,7,77.3,17.0,26.5
747,8,63.3,25.8,26.5
748,9,49.1,31.2,26.5
749,10,52.7,35.9,26.5
750,1,30.9,36.6,26.9
751,2,14.6,34.2,26.9
752,3,11.2,26.8,26.9
753,4,16.1,22.9,26.9
754,5,31.7,16.0,26.9
755,6,80.2,15.5,26.9
756,7,74.6,20.2,26.9
757,8,59.2,25.9,26.9
758,9,50.6,31.4,26.9
759,10,54.0,35.4,26.9
760,1,27.5,33.4,27.3
761,2,15.6,33.4,27.3
762,3,9.8,28.1,27.3
763,4,18.5,20.1,27.3
764,5,33.5,18.0,27.3
765,6,79.1,16.9,27.3
766,7,72.4,17.6,27.3
767,8,59.5,25.5,27.3
768,9,51.7,31.7,27.3
769,10,54.2,35.7,27.3
770,1,28.5,34.3,27.6
771,2,13.1,31.3,27.6
772,3,10.8,28.9,27.6
773,4,22.2,21.4,27.6
774,5,36.5,16.4,27.6
775,6,81.0,15.5,27.6
776,7,69.7,18.4,27.6
777,8,55.4,27.4,27.6
778,9,48.1,32.6,27.6
779,10,56.4,36.2,27.6
780,1,25.6,35.4,28.0
781,2,10.9,31.8,28.0
782,3,13.2,27.4,28.0
783,4,22.6,20.9,28.0
784,5,37.4,13.8,28.0
785,6,81.4,16.3,28.0
786,7,69.3,21.0,28.0
787,8,54.8,28.5,28.0
788,9,51.2,33.4,28.0
789,10,57.2,36.9,28.0
790,1,23.8,36.6,28.3
791,2,10.1,30.6,28.3
792,3,10.4,24.6,28.3
793,4,23.1,20.1,28.3
794,5,36.4,17.1,28.3
795,6,80.7,17.3,28.3
796,7,67.2,21.3,28.3
797,8,54.6,26.1,28.3
798,9,49.5,33.4,28.3
799,10,59.7,33.6,28.3
800,1,24.0,33.5,28.7
801,2,11.7,32.4,28.7
802,3,13.2,26.5,28.7
803,4,25.9,20.0,28.7
804,5,36.1,13.4,28.7
805,6,78.9,16.6,28.7
806,7,67.1,22.6,28.7
807,8,52.9,28.9,28.7
808,9,50.8,34.2,28.7
809,10,60.6,36.7,28.7
810,1,20.9,36.0,29.0
811,2,11.4,30.3,29.0
812,3,11.9,22.8,29.0
813,4,26.8,18.1,29.0
814,5,37.4,15.5,29.0
815,6,76.9,17.5,29.0
816,7,66.1,23.5,29.0
817,8,54.3,27.5,29.0
818,9,50.8,34.2,29.0
819,10,62.0,34.6,29.0
820,1,18.3,33.6,29.4
821,2,8.6,29.6,29.4
822,3,14.4,24.2,29.4
823,4,27.8,19.1,29.4
824,5,37.9,14.3,29.4
825,6,76.9,16.3,29.4
826,7,64.4,22.9,29.4
827,8,51.6,29.7,29.4
828,9,51.4,32.4,29.4
829,10,66.3,34.5,29.4
830,1,19.5,33.2,29.8
831,2,9.4,27.9,29.8
832,3,16.2,24.5,29.8
833,4,31.1,17.0,29.8
834,5,39.9,16.4,29.8
835,6,75.1,19.1,29.8
836,7,62.5,24.7,29.8
837,8,50.3,30.0,29.8
838,9,53.4,33.3,29.8
839,10,66.6,32.5,29.8
840,1,16.5,35.1,30.1
841,2,9.1,31.2,30.1
842,3,18.1,20.8,30.1
843,4,33.6,16.3,30.1
844,5,41.1,14.4,30.1
845,6,76.2,19.0,30.1
846,7,59.0,24.3,30.1
847,8,50.5,29.0,30.1
848,9,52.6,34.0,30.1
849,10,67.6,33.8,30.1
850,1,15.5,33.8,30.5
851,2,9.5,28.9,30.5
852,3,17.6,23.6,30.5
853,4,34.2,15.5,30.5
854,5,39.3,16.5,30.5
855,6,73.1,19.4,30.5
856,7,57.8,26.3,30.5
857,8,49.6,32.2,30.5
858,9,57.3,35.2,30.5
859,10,70.6,34.5,30.5
860,1,14.8,31.5,30.8
861,2,10.3,29.8,30.8
862,3,21.3,22.2,30.8
863,4,34.7,16.9,30.8
864,5,40.3,14.0,30.8
865,6,72.3,19.5,30.8
866,7,58.8,24.2,30.8
867,8,50.7,30.0,30.8
868,9,58.2,33.4,30.8
869,10,68.8,32.5,30.8
870,1,11.5,33.7,31.2
871,2,10.6,28.2,31.2
872,3,23.6,21.8,31.2
873,4,36.6,14.0,31.2
874,5,38.2,14.3,31.2
875,6,69.4,20.4,31.2
876,7,56.0,25.7,31.2
877,8,48.7,34.1,31.2
878,9,57.3,34.4,31.2
879,10,73.4,33.7,31.2
880,1,12.5,33.2,31.6
881,2,12.2,25.1,31.6
882,3,22.7,19.9,31.6
883,4,35.8,17.4,31.6
884,5,38.3,14.9,31.6
885,6,67.2,21.2,31.6
886,7,53.8,26.6,31.6
887,8,52.0,34.2,31.6
888,9,58.7,33.5,31.6
889,10,74.5,31.8,31.6
890,1,13.3,33.3,31.9
891,2,14.2,27.0,31.9
892,3,24.2,18.3,31.9
893,4,38.5,14.7,31.9
894,5,38.4,15.0,31.9
895,6,67.0,19.8,31.9
896,7,53.8,29.5,31.9
897,8,51.4,31.9,31.9
898,9,61.3,35.3,31.9
899,10,73.9,32.5,31.9
900,1,10.8,31.9,32.3
901,2,11.7,24.6,32.3
902,3,27.7,16.9,32.3
903,4,39.6,13.2,32.3
904,5,38.0,18.1,32.3
905,6,64.9,23.4,32.3
906,7,54.0,28.5,32.3
907,8,50.0,35.6,32.3
908,9,61.9,35.4,32.3
909,10,77.8,29.6,32.3
910,1,10.6,31.1,32.6
911,2,15.3,26.1,32.6
912,3,29.8,16.8,32.6
913,4,40.6,13.8,32.6
914,5,38.7,18.7,32.6
915,6,63.5,22.3,32.6
916,7,53.6,31.0,32.6
917,8,53.5,35.5,32.6
918,9,62.0,35.0,32.6
919,10,75.5,32.7,32.6
920,1,9.2,32.2,33.0
921,2,15.9,23.5,33.0
922,3,31.7,18.9,33.0
923,4,39.5,13.8,33.0
924,5,34.3,15.8,33.0
925,6,62.0,22.1,33.0
926,7,49.8,30.8,33.0
927,8,54.0,34.6,33.0
928,9,66.8,33.2,33.0
929,10,79.4,31.7,33.0
930,1,11.3,29.8,33.3
931,2,15.2,23.6,33.3
932,3,29.9,15.7,33.3
933,4,39.1,14.0,33.3
934,5,33.9,16.5,33.3
935,6,61.8,25.5,33.3
936,7,49.8,31.2,33.3
937,8,51.7,35.1,33.3
938,9,67.9,32.5,33.3
939,10,77.1,28.8,33.3
940,1,9.7,29.0,33.7
941,2,20.0,23.0,33.7
942,3,32.0,15.1,33.7
943,4,41.7,14.2,33.7
944,5,33.9,17.0,33.7
945,6,57.7,23.1,33.7
946,7,51.2,31.4,33.7
947,8,54.6,34.9,33.7
948,9,68.7,34.0,33.7
949,10,79.9,27.7,33.7
950,1,9.4,29.3,34.1
951,2,21.5,19.7,34.1
952,3,34.0,17.1,34.1
953,4,38.2,15.4,34.1
954,5,30.1,18.9,34.1
955,6,57.5,25.5,34.1
956,7,48.6,30.9,34.1
957,8,56.4,33.4,34.1
958,9,69.4,33.8,34.1
959,10,78.1,28.2,34.1
960,1,12.0,27.5,34.4
961,2,21.4,20.7,34.4
962,3,33.5,15.8,34.4
963,4,41.0,16.2,34.4
964,5,30.3,20.5,34.4
965,6,57.4,26.2,34.4
966,7,48.2,31.4,34.4
967,8,55.7,36.9,34.4
968,9,73.5,31.5,34.4
969,10,81.7,25.7,34.4
970,1,11.1,28.0,34.8
971,2,24.2,22.1,34.8
972,3,37.1,15.3,34.8
973,4,41.3,15.1,34.8
974,5,30.5,21.5,34.8
975,6,54.5,27.4,34.8
976,7,50.8,32.8,34.8
977,8,59.6,34.4,34.8
978,9,72.1,32.8,34.8
979,10,80.1,27.7,34.8
980,1,11.0,24.3,35.1
981,2,22.5,18.8,35.1
982,3,38.0,15.6,35.1
983,4,39.0,17.1,35.1
984,5,26.6,19.8,35.1
985,6,53.1,29.0,35.1
986,7,51.4,31.4,35.1
987,8,61.5,34.7,35.1
988,9,75.5,33.8,35.1
989,10,78.0,25.0,35.1
990,1,11.5,23.7,35.5
991,2,26.6,19.8,35.5
992,3,36.4,16.2,35.5
993,4,37.7,15.0,35.5
994,5,24.7,22.6,35.5
995,6,51.1,28.0,35.5
996,7,68.0,14.0,35.5
997,8,63.0,34.2,35.5
998,9,76.2,32.4,35.5
999,10,78.9,24.6,35.5
1000,1,12.9,25.4,35.9
1001,2,26.9,17.6,35.9
1002,3,37.2,16.9,35.9
1003,4,38.6,18.1,35.9
1004,5,24.6,21.6,35.9
1005,6,51.9,30.6,35.9
1006,7,53.5,34.5,35.9
1007,8,65.0,34.0,35.9
1008,9,76.6,29.7,35.9
1009,10,78.6,25.6,35.9
1010,1,15.2,25.5,36.2
1011,2,28.5,18.8,36.2
1012,3,40.7,16.7,36.2
1013,4,36.5,18.7,36.2
1014,5,23.0,21.0,36.2
1015,6,50.3,28.1,36.2
1016,7,53.1,35.8,36.2
1017,8,66.5,33.0,36.2
1018,9,78.6,29.4,36.2
1019,10,77.6,24.7,36.2
1020,1,17.1,24.8,36.6
1021,2,29.8,18.4,36.6
1022,3,40.7,15.2,36.6
1023,4,34.9,18.8,36.6
1024,5,20.3,25.1,36.6
1025,6,48.7,31.8,36.6
1026,7,55.4,32.9,36.6
1027,8,68.9,34.3,36.6
1028,9,77.5,30.4,36.6
1029,10,76.5,24.8,36.6
1030,1,18.1,23.9,36.9
1031,2,31.8,17.1,36.9
1032,3,39.4,14.1,36.9
1033,4,34.0,17.7,36.9
1034,5,18.1,25.8,36.9
1035,6,50.2,31.9,36.9
1036,7,56.1,34.1,36.9
1037,8,67.9,34.4,36.9
1038,9,78.0,28.0,36.9
1039,10,76.0,24.3,36.9
1040,1,19.8,21.7,37.3
1041,2,32.4,15.9,37.3
1042,3,39.5,16.4,37.3
1043,4,32.4,18.9,37.3
1044,5,18.8,23.7,37.3
1045,6,51.3,33.0,37.3
1046,7,56.4,34.8,37.3
1047,8,68.7,35.0,37.3
1048,9,78.3,29.6,37.3
1049,10,75.7,23.5,37.3
1050,1,20.9,22.0,37.6
1051,2,33.1,14.4,37.6
1052,3,41.2,17.0,37.6
1053,4,31.9,19.8,37.6
1054,5,16.5,26.6,37.6
1055,6,48.9,32.5,37.6
1056,7,54.9,34.9,37.6
1057,8,70.8,34.0,37.6
1058,9,80.5,28.6,37.6
1059,10,74.7,21.2,37.6
1060,1,20.5,20.9,38.0
1061,2,34.2,16.0,38.0
1062,3,38.6,17.3,38.0
1063,4,27.6,20.6,38.0
1064,5,16.1,27.3,38.0
1065,6,51.7,30.6,38.0
1066,7,56.9,33.6,38.0
1067,8,71.6,33.2,38.0
1068,9,81.3,26.4,38.0
1069,10,72.9,20.0,38.0
1070,1,23.9,20.2,38.4
1071,2,39.2,14.5,38.4
1072,3,39.7,17.0,38.4
1073,4,28.4,21.5,38.4
1074,5,15.2,25.2,38.4
1075,6,50.0,32.9,38.4
1076,7,58.4,33.0,38.4
1077,8,73.0,32.6,38.4
1078,9,79.7,27.7,38.4
1079,10,72.1,21.3,38.4
1080,1,24.0,19.6,38.7
1081,2,36.1,14.2,38.7
1082,3,39.8,17.4,38.7
1083,4,26.4,18.8,38.7
1084,5,11.5,29.1,38.7
1085,6,52.4,33.4,38.7
1086,7,59.6,36.7,38.7
1087,8,74.6,34.0,38.7
1088,9,80.1,27.0,38.7
1089,10,71.4,18.9,38.7
1090,1,25.8,17.5,39.1
1091,2,37.7,16.5,39.1
1092,3,37.0,17.8,39.1
1093,4,24.0,22.4,39.1
1094,5,10.8,30.1,39.1
1095,6,52.4,33.5,39.1
1096,7,65.1,33.1,39.1
1097,8,76.3,32.9,39.1
1098,9,78.6,26.2,39.1
1099,10,70.7,18.3,39.1
1100,1,29.9,16.5,39.4
1101,2,38.3,17.1,39.4
1102,3,36.6,15.9,39.4
1103,4,25.1,21.6,39.4
1104,5,12.3,29.4,39.4
1105,6,50.5,34.3,39.4
1106,7,65.7,35.6,39.4
1107,8,75.7,29.7,39.4
1108,9,79.7,25.1,39.4
1109,10,68.5,17.5,39.4
1110,1,28.9,15.8,39.8
1111,2,38.9,14.5,39.8
1112,3,34.5,15.5,39.8
1113,4,20.3,22.5,39.8
1114,5,11.1,29.1,39.8
1115,6,51.3,33.6,39.8
1116,7,64.7,35.0,39.8
1117,8,77.6,30.0,39.8
1118,9,77.2,23.3,39.8
1119,10,64.1,19.3,39.8
1120,1,33.7,19.2,40.2
1121,2,40.2,13.7,40.2
1122,3,33.6,16.0,40.2
1123,4,19.0,23.4,40.2
1124,5,8.6,29.9,40.2
1125,6,54.0,34.4,40.2
1126,7,66.4,33.3,40.2
1127,8,78.0,30.3,40.2
1128,9,77.4,21.8,40.2
1129,10,62.4,16.4,40.2
1130,1,35.1,16.2,40.5
1131,2,40.5,16.2,40.5
1132,3,32.3,17.2,40.5
1133,4,19.8,25.5,40.5
1134,5,12.0,29.2,40.5
1135,6,54.6,36.4,40.5
1136,7,68.2,33.3,40.5
1137,8,81.3,31.1,40.5
1138,9,75.3,23.2,40.5
1139,10,62.6,17.1,40.5
1140,1,33.7,16.0,40.9
1141,2,41.1,14.7,40.9
1142,3,29.8,18.7,40.9
1143,4,17.4,25.0,40.9
1144,5,10.7,31.5,40.9
1145,6,58.6,34.7,40.9
1146,7,72.0,33.5,40.9
1147,8,79.0,29.3,40.9
1148,9,76.2,22.8,40.9
1149,10,60.5,16.4,40.9
1150,1,36.2,15.1,41.2
1151,2,40.3,16.1,41.2
1152,3,31.3,17.2,41.2
1153,4,17.9,25.4,41.2
1154,5,9.7,31.8,41.2
1155,6,59.6,35.7,41.2
1156,7,72.5,34.6,41.2
1157,8,79.4,29.5,41.2
1158,9,74.0,21.6,41.2
1159,10,57.9,17.2,41.2
1160,1,37.5,15.2,41.6
1161,2,39.7,13.6,41.6
1162,3,30.3,20.3,41.6
1163,4,14.1,27.3,41.6
1164,5,12.2,32.1,41.6
1165,6,57.6,34.0,41.6
1166,7,73.9,33.0,41.6
1167,8,80.3,27.5,41.6
1168,9,72.1,19.9,41.6
1169,10,59.0,16.1,41.6
1170,1,37.9,14.9,42.0
1171,2,36.5,14.1,42.0
1172,3,26.3,22.1,42.0
1173,4,11.8,28.8,42.0
1174,5,9.3,32.1,42.0
1175,6,61.1,33.8,42.0
1176,7,75.2,32.3,42.0
1177,8,79.5,27.2,42.0
1178,9,70.0,18.9,42.0
1179,10,57.7,13.9,42.0
1180,1,39.9,15.9,42.3
1181,2,38.5,14.6,42.3
1182,3,27.2,19.8,42.3
1183,4,11.2,26.3,42.3
1184,5,11.5,35.1,42.3
1185,6,61.5,34.6,42.3
1186,7,74.9,32.6,42.3
1187,8,79.2,23.9,42.3
1188,9,69.9,18.0,42.3
1189,10,55.7,14.9,42.3
1190,1,40.0,14.0,42.7
1191,2,37.7,17.5,42.7
1192,3,21.7,19.9,42.7
1193,4,13.1,27.1,42.7
1194,5,11.4,33.5,42.7
1195,6,63.5,36.3,42.7
1196,7,77.4,32.0,42.7
1197,8,79.3,25.4,42.7
1198,9,68.1,17.9,42.7
1199,10,55.4,15.6,42.7
1200,1,40.8,15.9,43.0
1201,2,35.0,17.1,43.0
1202,3,20.5,20.6,43.0
1203,4,9.5,28.2,43.0
1204,5,11.5,34.7,43.0
1205,6,65.8,34.4,43.0
1206,7,76.6,30.5,43.0
1207,8,77.1,24.9,43.0
1208,9,67.1,18.7,43.0
1209,10,55.2,15.3,43.0
1210,1,39.9,13.6,43.4
1211,2,33.8,16.9,43.4
1212,3,18.6,22.3,43.4
1213,4,8.5,28.2,43.4
1214,5,15.2,36.1,43.4
1215,6,67.6,34.5,43.4
1216,7,79.6,30.0,43.4
1217,8,78.7,23.5,43.4
1218,9,62.9,15.7,43.4
1219,10,53.2,14.2,43.4
1220,1,39.1,15.2,43.7
1221,2,32.1,17.3,43.7
1222,3,20.1,24.5,43.7
1223,4,10.4,28.6,43.7
1224,5,13.3,35.6,43.7
1225,6,70.2,33.8,43.7
1226,7,80.6,27.9,43.7
1227,8,77.4,23.2,43.7
1228,9,65.2,15.6,43.7
1229,10,52.8,16.0,43.7
1230,1,39.1,17.0,44.1
1231,2,31.7,17.4,44.1
1232,3,18.8,24.0,44.1
1233,4,12.0,31.9,44.1
1234,5,15.2,35.9,44.1
1235,6,70.9,33.4,44.1
1236,7,80.6,29.6,44.1
1237,8,74.0,20.8,44.1
1238,9,60.3,15.5,44.1
1239,10,49.1,14.5,44.1
1240,1,38.8,15.3,44.5
1241,2,29.6,19.4,44.5
1242,3,15.2,24.1,44.5
1243,4,11.5,33.4,44.5
1244,5,18.5,33.2,44.5
1245,6,74.0,34.8,44.5
1246,7,81.6,30.3,44.5
1247,8,75.4,20.0,44.5
1248,9,61.2,15.3,44.5
1249,10,51.2,16.5,44.5
1250,1,40.4,16.0,44.8
1251,2,28.9,19.4,44.8
1252,3,14.0,25.3,44.8
1253,4,10.0,32.5,44.8
1254,5,20.5,33.3,44.8
1255,6,73.4,32.4,44.8
1256,7,81.7,27.2,44.8
1257,8,74.7,20.2,44.8
1258,9,56.5,17.1,44.8
1259,10,51.0,16.2,44.8
1260,1,38.5,16.1,45.2
1261,2,26.6,18.0,45.2
1262,3,13.8,25.3,45.2
1263,4,10.3,31.3,45.2
1264,5,19.8,36.3,45.2
1265,6,74.1,33.1,45.2
1266,7,80.1,26.9,45.2
1267,8,70.6,20.9,45.2
1268,9,55.1,14.1,45.2
1269,10,51.1,15.4,45.2
1270,1,36.6,17.1,45.5
1271,2,25.6,18.2,45.5
1272,3,14.7,25.8,45.5
1273,4,11.8,31.4,45.5
1274,5,22.6,33.6,45.5
1275,6,77.5,31.5,45.5
1276,7,80.2,25.4,45.5
1277,8,69.5,21.3,45.5
1278,9,54.5,15.1,45.5
1279,10,49.3,16.6,45.5
1280,1,8.0,3.0,45.9
1281,2,24.9,19.0,45.9
1282,3,11.8,26.3,45.9
1283,4,10.7,34.0,45.9
1284,5,21.8,35.7,45.9
1285,6,78.2,33.8,45.9
1286,7,78.8,24.1,45.9
1287,8,66.6,18.5,45.9
1288,9,55.4,13.7,45.9
1289,10,49.6,17.6,45.9
1290,1,34.5,17.5,46.3
1291,2,23.3,20.2,46.3
1292,3,13.1,27.1,46.3
1293,4,12.8,31.8,46.3
1294,5,26.2,34.6,46.3
1295,6,78.8,31.8,46.3
1296,7,77.0,24.4,46.3
1297,8,67.3,19.8,46.3
1298,9,51.6,13.5,46.3
1299,10,51.8,16.8,46.3
1300,1,34.5,18.6,46.6
1301,2,20.2,20.8,46.6
1302,3,9.8,27.5,46.6
1303,4,13.8,34.4,46.6
1304,5,27.4,35.8,46.6
1305,6,79.3,32.2,46.6
1306,7,78.3,23.4,46.6
1307,8,65.2,18.0,46.6
1308,9,53.5,14.2,46.6
1309,10,49.5,18.4,46.6
1310,1,35.4,17.2,47.0
1311,2,17.7,23.1,47.0
1312,3,10.6,29.9,47.0
1313,4,16.7,36.3,47.0
1314,5,30.5,33.0,47.0
1315,6,80.7,30.4,47.0
1316,7,76.1,24.1,47.0
1317,8,64.4,19.2,47.0
1318,9,52.7,13.1,47.0
1319,10,50.4,16.3,47.0
1320,1,30.6,15.8,47.3
1321,2,19.2,23.7,47.3
1322,3,10.6,30.4,47.3
1323,4,15.5,35.3,47.3
1324,5,28.3,34.4,47.3
1325,6,80.1,28.7,47.3
1326,7,75.0,22.8,47.3
1327,8,60.8,18.3,47.3
1328,9,51.2,14.6,47.3
1329,10,53.4,19.0,47.3
1330,1,31.5,16.4,47.7
1331,2,17.3,25.4,47.7
1332,3,11.4,29.2,47.7
1333,4,15.6,34.5,47.7
1334,5,31.5,34.3,47.7
1335,6,79.1,29.8,47.7
1336,7,75.4,20.5,47.7
1337,8,61.1,17.4,47.7
1338,9,49.1,16.9,47.7
1339,10,54.1,19.4,47.7
1340,1,30.4,17.3,48.0
1341,2,13.9,26.2,48.0
1342,3,9.2,33.0,48.0
1343,4,19.6,33.0,48.0
1344,5,34.1,32.7,48.0
1345,6,78.3,29.2,48.0
1346,7,73.7,19.8,48.0
1347,8,58.9,15.7,48.0
1348,9,50.2,15.5,48.0
1349,10,54.4,17.7,48.0
1350,1,26.2,19.5,48.4
1351,2,15.0,24.8,48.4
1352,3,10.5,30.2,48.4
1353,4,21.6,33.9,48.4
1354,5,34.2,32.7,48.4
1355,6,78.5,29.3,48.4
1356,7,73.2,20.9,48.4
1357,8,59.1,16.9,48.4
1358,9,49.7,14.7,48.4
1359,10,56.0,20.2,48.4
1360,1,25.1,18.2,48.8
1361,2,12.4,26.6,48.8
1362,3,12.6,31.3,48.8
1363,4,23.1,36.9,48.8
1364,5,37.5,31.0,48.8
1365,6,79.5,25.9,48.8
1366,7,71.5,19.3,48.8
1367,8,56.1,13.6,48.8
1368,9,48.8,15.9,48.8
1369,10,57.1,20.5,48.8
1370,1,24.5,20.8,49.1
1371,2,12.2,28.3,49.1
1372,3,10.3,34.6,49.1
1373,4,24.3,34.0,49.1
1374,5,34.6,31.9,49.1
1375,6,78.2,25.6,49.1
1376,7,70.2,21.0,49.1
1377,8,56.7,13.4,49.1
1378,9,50.8,17.2,49.1
1379,10,60.0,19.0,49.1
1380,1,23.0,20.1,49.5
1381,2,11.3,26.2,49.5
1382,3,14.4,34.3,49.5
1383,4,23.4,36.6,49.5
1384,5,39.2,31.8,49.5
1385,6,79.4,24.9,49.5
1386,7,69.0,17.2,49.5
1387,8,52.0,13.7,49.5
1388,9,51.9,14.5,49.5
1389,10,61.1,21.0,49.5
1390,1,23.4,20.7,49.8
1391,2,9.9,27.8,49.8
1392,3,14.4,34.5,49.8
1393,4,27.3,34.1,49.8
1394,5,37.4,29.6,49.8
1395,6,76.8,25.9,49.8
1396,7,66.1,17.0,49.8
1397,8,51.5,15.0,49.8
1398,9,50.7,16.6,49.8
1399,10,64.0,20.7,49.8
1400,1,19.1,21.5,50.2
1401,2,8.8,27.9,50.2
1402,3,15.1,35.4,50.2
1403,4,28.9,32.8,50.2
1404,5,40.4,29.9,50.2
1405,6,75.4,23.0,50.2
1406,7,63.4,17.9,50.2
1407,8,52.6,14.1,50.2
1408,9,53.8,15.1,50.2
1409,10,63.5,22.4,50.2
1410,1,19.2,22.3,50.6
1411,2,9.9,31.2,50.6
1412,3,14.2,32.5,50.6
1413,4,31.2,36.3,50.6
1414,5,38.1,31.2,50.6
1415,6,75.4,23.7,50.6
1416,7,62.8,17.6,50.6
1417,8,50.1,16.3,50.6
1418,9,50.9,15.7,50.6
1419,10,67.3,23.2,50.6
1420,1,15.5,25.5,50.9
1421,2,11.3,29.8,50.9
1422,3,15.0,34.4,50.9
1423,4,29.8,34.5,50.9
1424,5,41.1,29.0,50.9
1425,6,73.0,23.3,50.9
1426,7,59.6,15.8,50.9
1427,8,49.4,14.1,50.9
1428,9,55.1,16.0,50.9
1429,10,67.5,23.0,50.9
1430,1,14.7,24.3,51.3
1431,2,10.3,29.4,51.3
1432,3,17.5,33.3,51.3
1433,4,31.5,35.3,51.3
1434,5,40.1,29.2,51.3
1435,6,74.7,23.0,51.3
1436,7,61.1,17.6,51.3
1437,8,49.7,15.3,51.3
1438,9,54.8,20.1,51.3
1439,10,68.8,24.4,51.3
1440,1,13.3,24.5,51.6
1441,2,9.2,33.2,51.6
1442,3,20.7,33.1,51.6
1443,4,35.8,33.6,51.6
1444,5,41.0,30.1,51.6
1445,6,74.2,19.7,51.6
1446,7,58.6,15.2,51.6
1447,8,51.3,16.9,51.6
1448,9,54.1,20.9,51.6
1449,10,69.0,26.8,51.6
1450,1,14.5,25.5,52.0
1451,2,12.1,33.6,52.0
1452,3,20.0,35.3,52.0
1453,4,36.5,33.8,52.0
1454,5,41.4,25.5,52.0
1455,6,71.5,22.3,52.0
1456,7,56.7,16.1,52.0
1457,8,48.8,17.4,52.0
1458,9,58.9,19.5,52.0
1459,10,71.0,26.2,52.0
1460,1,10.6,25.8,52.4
1461,2,10.3,32.8,52.4
1462,3,21.1,36.7,52.4
1463,4,35.3,31.1,52.4
1464,5,40.2,28.2,52.4
1465,6,70.4,19.1,52.4
1466,7,53.1,15.9,52.4
1467,8,51.9,16.8,52.4
1468,9,60.4,21.7,52.4
1469,10,90.1,4.1,52.4
1470,1,13.4,27.0,52.7
1471,2,10.5,32.3,52.7
1472,3,23.0,33.6,52.7
1473,4,39.1,33.3,52.7
1474,5,40.7,26.6,52.7
1475,6,66.4,21.2,52.7
1476,7,54.8,17.1,52.7
1477,8,51.6,14.8,52.7
1478,9,60.6,19.5,52.7
1479,10,73.6,28.3,52.7
1480,1,9.4,29.1,53.1
1481,2,14.9,35.3,53.1
1482,3,25.8,36.9,53.1
1483,4,40.1,29.7,53.1
1484,5,38.5,26.9,53.1
1485,6,67.8,17.6,53.1
1486,7,53.2,16.9,53.1
1487,8,49.6,17.3,53.1
1488,9,60.9,23.4,53.1
1489,10,74.4,29.9,53.1
1490,1,8.9,29.6,53.4
1491,2,14.5,35.4,53.4
1492,3,27.3,33.8,53.4
1493,4,37.8,29.4,53.4
1494,5,36.4,23.0,53.4
1495,6,62.6,17.8,53.4
1496,7,53.1,17.0,53.4
1497,8,53.1,16.6,53.4
1498,9,62.8,22.2,53.4
1499,10,75.0,28.8,53.4
1500,1,11.6,30.1,53.8
1501,2,16.0,32.8,53.8
1502,3,27.6,36.0,53.8
1503,4,38.6,29.7,53.8
1504,5,38.1,22.1,53.8
1505,6,61.5,17.2,53.8
1506,7,52.2,15.2,53.8
1507,8,54.0,15.4,53.8
1508,9,65.5,23.3,53.8
1509,10,77.6,27.8,53.8
1510,1,11.8,28.7,54.1
1511,2,17.8,33.0,54.1
1512,3,29.0,33.2,54.1
1513,4,38.5,30.7,54.1
1514,5,36.2,24.1,54.1
1515,6,60.5,16.4,54.1
1516,7,49.8,13.2,54.1
1517,8,53.5,18.8,54.1
1518,9,65.1,22.9,54.1
1519,10,78.1,29.3,54.1
1520,1,10.7,31.1,54.5
1521,2,16.6,32.8,54.5
1522,3,30.9,33.2,54.5
1523,4,38.3,30.6,54.5
1524,5,33.2,22.0,54.5
1525,6,59.7,17.4,54.5
1526,7,48.7,15.2,54.5
1527,8,53.2,19.5,54.5
1528,9,67.7,24.0,54.5
1529,10,78.1,30.7,54.5
1530,1,9.2,30.4,54.9
1531,2,17.7,35.8,54.9
1532,3,34.4,32.1,54.9
1533,4,39.4,28.7,54.9
1534,5,34.4,22.0,54.9
1535,6,58.3,17.7,54.9
1536,7,51.3,14.8,54.9
1537,8,55.9,20.0,54.9
1538,9,69.9,26.5,54.9
1539,10,79.5,29.8,54.9
1540,1,12.2,32.6,55.2
1541,2,20.7,36.5,55.2
1542,3,36.0,34.1,55.2
1543,4,40.3,26.4,55.2
1544,5,32.3,19.8,55.2
1545,6,58.9,18.0,55.2
1546,7,51.2,13.8,55.2
1547,8,56.6,21.0,55.2
1548,9,71.0,27.6,55.2
1549,10,80.4,33.2,55.2
1550,1,10.2,34.0,55.6
1551,2,24.1,33.3,55.6
1552,3,35.6,32.5,55.6
1553,4,38.8,26.3,55.6
1554,5,29.4,21.9,55.6
1555,6,56.6,16.2,55.6
1556,7,50.2,15.2,55.6
1557,8,58.1,18.3,55.6
1558,9,73.2,27.4,55.6
1559,10,81.8,34.2,55.6
1560,1,12.0,31.1,55.9
1561,2,23.0,35.1,55.9
1562,3,36.3,32.2,55.9
1563,4,38.6,26.5,55.9
1564,5,28.7,18.0,55.9
1565,6,53.6,14.1,55.9
1566,7,50.8,16.5,55.9
1567,8,57.8,21.8,55.9
1568,9,73.3,25.9,55.9
1569,10,80.9,34.5,55.9
1570,1,14.3,31.3,56.3
1571,2,26.9,34.2,56.3
1572,3,37.1,32.0,56.3
1573,4,39.2,24.2,56.3
1574,5,28.0,17.7,56.3
1575,6,55.2,15.1,56.3
1576,7,52.1,15.1,56.3
1577,8,61.1,21.5,56.3
1578,9,74.1,26.6,56.3
1579,10,81.0,34.3,56.3
1580,1,14.9,35.1,56.7
1581,2,28.7,34.9,56.7
1582,3,37.4,30.7,56.7
1583,4,37.5,23.5,56.7
1584,5,26.1,20.1,56.7
1585,6,50.3,13.9,56.7
1586,7,52.8,17.7,56.7
1587,8,62.2,21.5,56.7
1588,9,78.2,29.4,56.7
1589,10,78.4,35.0,56.7
1590,1,14.8,34.5,57.0
1591,2,27.2,32.9,57.0
1592,3,38.7,31.3,57.0
1593,4,35.4,25.9,57.0
1594,5,23.7,17.5,57.0
1595,6,50.2,16.6,57.0
1596,7,53.1,17.5,57.0
1597,8,63.6,21.8,57.0
1598,9,76.0,29.4,57.0
1599,10,80.7,35.4,57.0
1600,1,16.8,35.0,57.4
1601,2,29.5,34.2,57.4
1602,3,37.8,31.4,57.4
1603,4,36.5,21.6,57.4
1604,5,23.2,18.1,57.4
1605,6,51.3,13.0,57.4
1606,7,52.1,18.4,57.4
1607,8,65.5,24.9,57.4
1608,9,78.9,29.5,57.4
1609,10,77.5,33.7,57.4
1610,1,16.3,34.3,57.7
1611,2,32.4,35.6,57.7
1612,3,39.5,28.2,57.7
1613,4,34.5,23.6,57.7
1614,5,21.7,16.6,57.7
1615,6,51.1,15.4,57.7
1616,7,53.2,16.0,57.7
1617,8,65.9,25.6,57.7
1618,9,79.4,31.8,57.7
1619,10,76.4,35.4,57.7
1620,1,20.5,33.9,58.1
1621,2,31.8,35.1,58.1
1622,3,41.6,30.3,58.1
1623,4,34.2,22.6,58.1
1624,5,19.3,17.4,58.1
1625,6,51.0,15.7,58.1
1626,7,57.3,17.2,58.1
1627,8,69.1,24.0,58.1
1628,9,77.6,31.8,58.1
1629,10,76.5,33.5,58.1
1630,1,21.1,33.7,58.4
1631,2,34.5,34.8,58.4
1632,3,41.6,29.2,58.4
1633,4,31.8,23.0,58.4
1634,5,18.8,17.9,58.4
1635,6,48.7,13.5,58.4
1636,7,54.9,17.6,58.4
1637,8,71.9,26.1,58.4
1638,9,78.5,32.2,58.4
1639,10,74.6,33.2,58.4
1640,1,21.3,35.9,58.8
1641,2,34.9,34.4,58.8
1642,3,39.0,26.8,58.8
1643,4,29.3,22.3,58.8
1644,5,15.8,17.5,58.8
1645,6,50.4,17.1,58.8
1646,7,56.2,20.8,58.8
1647,8,72.3,27.3,58.8
1648,9,79.5,31.2,58.8
1649,10,72.1,36.4,58.8
1650,1,22.2,33.8,59.2
1651,2,36.5,33.1,59.2
1652,3,40.8,26.8,59.2
1653,4,27.7,21.0,59.2
1654,5,15.7,15.6,59.2
1655,6,50.8,14.3,59.2
1656,7,60.1,17.9,59.2
1657,8,72.9,27.7,59.2
1658,9,78.7,33.6,59.2
1659,10,72.3,36.1,59.2
1660,1,23.4,35.5,59.5
1661,2,38.2,32.0,59.5
1662,3,40.5,25.9,59.5
1663,4,25.3,18.5,59.5
1664,5,13.1,13.5,59.5
1665,6,49.9,17.1,59.5
1666,7,59.6,21.1,59.5
1667,8,75.4,26.2,59.5
1668,9,80.6,32.3,59.5
1669,10,69.7,34.5,59.5
1670,1,27.2,33.6,59.9
1671,2,39.8,31.1,59.9
1672,3,37.0,26.5,59.9
1673,4,25.7,18.4,59.9
1674,5,14.1,17.2,59.9
1675,6,50.6,17.7,59.9
1676,7,62.0,19.9,59.9
1677,8,77.9,29.6,59.9
1678,9,79.1,32.3,59.9
1679,10,70.4,33.4,59.9
1680,1,29.1,35.2,60.2
1681,2,37.7,30.9,60.2
1682,3,37.6,23.1,60.2
1683,4,25.5,17.6,60.2
1684,5,12.0,13.3,60.2
1685,6,53.8,17.0,60.2
1686,7,64.5,19.8,60.2
1687,8,74.5,10.0,60.2
1688,9,78.6,33.9,60.2
1689,10,68.1,33.4,60.2
1690,1,30.6,35.2,60.6
1691,2,38.8,31.4,60.6
1692,3,36.5,23.3,60.6
1693,4,22.6,16.5,60.6
1694,5,12.4,13.5,60.6
1695,6,53.6,15.3,60.6
1696,7,64.2,20.9,60.6
1697,8,76.8,28.1,60.6
1698,9,77.4,34.2,60.6
1699,10,65.2,35.5,60.6
1700,1,30.7,32.6,61.0
1701,2,39.9,28.9,61.0
1702,3,36.3,22.7,61.0
1703,4,18.5,18.1,61.0
1704,5,12.1,16.3,61.0
1705,6,54.6,15.9,61.0
1706,7,65.9,23.3,61.0
1707,8,79.7,28.4,61.0
1708,9,76.4,33.3,61.0
1709,10,66.6,33.6,61.0
1710,1,32.6,32.6,61.3
1711,2,38.7,27.8,61.3
1712,3,32.6,24.0,61.3
1713,4,18.4,18.0,61.3
1714,5,8.6,16.0,61.3
1715,6,53.0,19.1,61.3
1716,7,69.5,22.5,61.3
1717,8,78.7,30.2,61.3
1718,9,77.1,36.1,61.3
1719,10,61.6,35.4,61.3
1720,1,32.9,33.5,61.7
1721,2,41.8,28.0,61.7
1722,3,31.5,23.4,61.7
1723,4,18.8,17.2,61.7
1724,5,11.2,13.5,61.7
1725,6,57.0,16.5,61.7
1726,7,72.3,23.3,61.7
1727,8,79.4,31.5,61.7
1728,9,76.6,35.5,61.7
1729,10,60.2,33.3,61.7
1730,1,34.7,31.7,62.0
1731,2,40.5,29.7,62.0
1732,3,32.6,20.0,62.0
1733,4,18.1,14.7,62.0
1734,5,9.7,13.4,62.0
1735,6,56.4,18.0,62.0
1736,7,72.6,25.9,62.0
1737,8,81.0,31.9,62.0
1738,9,74.6,36.8,62.0
1739,10,60.9,32.9,62.0
1740,1,36.6,34.0,62.4
1741,2,37.7,28.2,62.4
1742,3,28.0,20.1,62.4
1743,4,15.7,15.4,62.4
1744,5,11.5,15.6,62.4
1745,6,60.9,17.6,62.4
1746,7,73.9,24.6,62.4
1747,8,81.4,33.6,62.4
1748,9,74.4,33.3,62.4
1749,10,58.5,32.0,62.4
1750,1,39.2,31.0,62.7
1751,2,37.8,27.5,62.7
1752,3,27.3,19.1,62.7
1753,4,13.9,16.9,62.7
1754,5,10.3,17.0,62.7
1755,6,60.0,18.3,62.7
1756,7,74.4,27.2,62.7
1757,8,78.3,32.2,62.7
1758,9,71.9,33.0,62.7
1759,10,55.7,33.1,62.7
1760,1,38.7,31.5,63.1
1761,2,38.1,25.0,63.1
1762,3,26.6,21.3,63.1
1763,4,12.4,13.6,63.1
1764,5,9.9,15.7,63.1
1765,6,62.2,21.1,63.1
1766,7,75.6,28.0,63.1
1767,8,80.5,31.5,63.1
1768,9,71.1,33.9,63.1
1769,10,55.2,33.5,63.1
1770,1,40.8,30.9,63.5
1771,2,37.2,26.2,63.5
1772,3,22.3,17.5,63.5
1773,4,10.5,16.1,63.5
1774,5,12.6,14.6,63.5
1775,6,64.2,20.1,63.5
1776,7,78.6,27.7,63.5
1777,8,78.9,34.7,63.5
1778,9,69.2,33.3,63.5
1779,10,54.2,33.3,63.5
1780,1,40.8,31.6,63.8
1781,2,37.4,24.6,63.8
1782,3,23.4,20.2,63.8
1783,4,9.9,15.1,63.8
1784,5,12.6,14.7,63.8
1785,6,66.9,23.2,63.8
1786,7,77.6,28.8,63.8
1787,8,80.3,32.5,63.8
1788,9,67.3,35.7,63.8
1789,10,52.1,30.7,63.8
1790,1,40.2,32.2,64.2
1791,2,35.0,23.5,64.2
1792,3,22.9,19.5,64.2
1793,4,11.7,14.1,64.2
1794,5,15.4,18.8,64.2
1795,6,66.7,21.2,64.2
1796,7,78.2,30.3,64.2
1797,8,78.7,33.4,64.2
1798,9,66.0,36.0,64.2
1799,10,53.3,32.2,64.2
1800,1,40.5,28.9,64.5
1801,2,34.5,22.5,64.5
1802,3,19.1,18.1,64.5
1803,4,12.3,15.6,64.5
1804,5,16.3,17.3,64.5
1805,6,69.0,22.5,64.5
1806,7,77.5,29.4,64.5
1807,8,76.9,34.7,64.5
1808,9,64.5,34.1,64.5
1809,10,52.8,31.3,64.5
1810,1,39.1,30.8,64.9
1811,2,33.7,22.7,64.9
1812,3,16.2,15.5,64.9
1813,4,10.7,13.8,64.9
1814,5,16.8,16.5,64.9
1815,6,69.1,23.0,64.9
1816,7,81.0,31.4,64.9
1817,8,75.0,35.7,64.9
1818,9,60.2,35.3,64.9
1819,10,49.5,30.7,64.9
1820,1,40.7,30.1,65.3
1821,2,31.8,22.1,65.3
1822,3,15.5,17.6,65.3
1823,4,11.2,14.3,65.3
1824,5,17.9,20.1,65.3
1825,6,71.2,26.6,65.3
1826,7,81.8,30.5,65.3
1827,8,74.7,32.9,65.3
1828,9,59.3,34.2,65.3
1829,10,51.6,30.0,65.3
1830,1,40.8,29.8,65.6
1831,2,30.4,21.9,65.6
1832,3,16.5,16.4,65.6
1833,4,10.5,16.3,65.6
1834,5,20.3,18.1,65.6
1835,6,71.5,26.1,65.6
1836,7,78.7,30.4,65.6
1837,8,73.5,34.4,65.6
1838,9,58.8,33.6,65.6
1839,10,48.7,28.3,65.6
1840,1,38.0,26.7,66.0
1841,2,28.7,19.2,66.0
1842,3,12.8,15.1,66.0
1843,4,8.6,17.2,66.0
1844,5,20.6,20.2,66.0
1845,6,74.2,26.5,66.0
1846,7,79.4,33.5,66.0
1847,8,71.1,33.9,66.0
1848,9,56.2,31.2,66.0
1849,10,50.0,26.8,66.0
1850,1,38.5,25.1,66.3
1851,2,25.4,18.9,66.3
1852,3,12.6,15.0,66.3
1853,4,9.7,16.6,66.3
1854,5,21.5,22.0,66.3
1855,6,76.6,28.7,66.3
1856,7,77.8,33.4,66.3
1857,8,70.4,36.6,66.3
1858,9,56.8,33.1,66.3
1859,10,51.9,27.3,66.3
1860,1,36.8,27.6,66.7
1861,2,26.5,18.9,66.7
1862,3,12.4,14.5,66.7
1863,4,13.1,17.2,66.7
1864,5,22.7,22.0,66.7
1865,6,76.3,25.8,66.7
1866,7,80.9,32.0,66.7
1867,8,69.0,36.8,66.7
1868,9,53.6,33.9,66.7
1869,10,50.4,23.8,66.7
1870,1,34.6,25.9,67.1
1871,2,24.0,20.1,67.1
1872,3,11.1,13.6,67.1
1873,4,12.5,17.1,67.1
1874,5,26.9,22.6,67.1
1875,6,78.2,30.1,67.1
1876,7,79.6,32.2,67.1
1877,8,67.0,34.2,67.1
1878,9,52.0,29.7,67.1
1879,10,51.8,25.2,67.1
1880,1,35.8,23.5,67.4
1881,2,20.6,17.8,67.4
1882,3,11.4,14.8,67.4
1883,4,11.2,17.3,67.4
1884,5,26.4,22.6,67.4
1885,6,78.8,29.9,67.4
1886,7,78.4,34.7,67.4
1887,8,64.1,36.4,67.4
1888,9,51.3,32.1,67.4
1889,10,50.2,22.7,67.4
1890,1,35.2,23.5,67.8
1891,2,19.5,18.3,67.8
1892,3,10.3,15.1,67.8
1893,4,12.9,16.6,67.8
1894,5,29.3,23.0,67.8
1895,6,80.9,28.2,67.8
1896,7,77.8,35.9,67.8
1897,8,65.2,35.4,67.8
1898,9,51.4,32.1,67.8
1899,10,52.0,23.8,67.8
1900,1,31.5,21.2,68.1
1901,2,19.0,17.4,68.1
1902,3,11.9,14.2,68.1
1903,4,16.3,19.0,68.1
1904,5,28.8,23.1,68.1
1905,6,80.0,30.2,68.1
1906,7,74.9,33.3,68.1
1907,8,64.0,33.1,68.1
1908,9,50.0,31.0,68.1
1909,10,53.9,24.4,68.1
1910,1,33.1,24.4,68.5
1911,2,16.9,17.0,68.5
1912,3,9.2,13.3,68.5
1913,4,15.1,18.9,68.5
1914,5,31.0,23.5,68.5
1915,6,78.3,31.4,68.5
1916,7,73.3,35.2,68.5
1917,8,62.5,33.3,68.5
1918,9,50.5,29.5,68.5
1919,10,52.8,22.6,68.5
1920,1,30.4,21.3,68.8
1921,2,15.2,16.2,68.8
1922,3,8.1,14.1,68.8
1923,4,16.8,19.4,68.8
1924,5,32.0,26.2,68.8
1925,6,78.5,32.2,68.8
1926,7,75.4,34.7,68.8
1927,8,59.1,32.9,68.8
1928,9,50.5,27.2,68.8
1929,10,54.9,23.0,68.8
1930,1,29.9,19.6,69.2
1931,2,14.7,15.1,69.2
1932,3,11.8,13.6,69.2
1933,4,17.8,17.1,69.2
1934,5,33.8,23.7,69.2
1935,6,80.3,31.5,69.2
1936,7,72.7,36.6,69.2
1937,8,58.2,33.5,69.2
1938,9,52.0,27.7,69.2
1939,10,57.0,20.4,69.2
1940,1,25.6,21.4,69.6
1941,2,14.3,14.9,69.6
1942,3,10.6,15.5,69.6
1943,4,20.8,19.7,69.6
1944,5,35.8,27.8,69.6
1945,6,81.0,32.9,69.6
1946,7,69.4,35.1,69.6
1947,8,56.2,31.6,69.6
1948,9,51.8,27.6,69.6
1949,10,59.2,21.2,69.6
1950,1,25.3,19.3,69.9
1951,2,11.4,15.5,69.9
1952,3,9.5,15.2,69.9
1953,4,20.7,19.0,69.9
1954,5,37.8,26.4,69.9
1955,6,79.3,32.7,69.9
1956,7,67.7,36.9,69.9
1957,8,54.7,33.3,69.9
1958,9,50.2,27.7,69.9
1959,10,59.9,18.7,69.9
1960,1,23.7,17.9,70.3
1961,2,12.3,14.8,70.3
1962,3,12.7,17.3,70.3
1963,4,24.4,20.4,70.3
1964,5,38.9,27.8,70.3
1965,6,78.3,34.8,70.3
1966,7,67.7,34.9,70.3
1967,8,54.5,31.9,70.3
1968,9,49.0,24.3,70.3
1969,10,58.5,19.6,70.3
1970,1,21.0,17.4,70.6
1971,2,10.5,16.0,70.6
1972,3,11.2,15.2,70.6
1973,4,27.0,22.4,70.6
1974,5,37.9,28.3,70.6
1975,6,77.2,32.3,70.6
1976,7,67.7,32.9,70.6
1977,8,51.4,31.7,70.6
1978,9,49.5,25.5,70.6
1979,10,59.7,18.8,70.6
1980,1,18.7,17.1,71.0
1981,2,9.2,16.9,71.0
1982,3,14.3,17.0,71.0
1983,4,25.6,23.1,71.0
1984,5,39.4,28.2,71.0
1985,6,75.8,33.8,71.0
1986,7,66.6,36.2,71.0
1987,8,50.9,32.1,71.0
1988,9,51.9,25.4,71.0
1989,10,64.5,16.7,71.0
1990,1,19.4,16.6,71.4
1991,2,11.0,14.4,71.4
1992,3,15.0,17.5,71.4
1993,4,28.2,22.6,71.4
1994,5,37.8,28.6,71.4
1995,6,77.8,34.3,71.4
1996,7,62.5,33.1,71.4
1997,8,49.7,30.0,71.4
1998,9,52.9,21.6,71.4
1999,10,66.2,17.4,71.4
2000,1,16.0,17.1,71.7
2001,2,8.5,15.4,71.7
2002,3,17.6,19.1,71.7
2003,4,31.6,24.2,71.7
2004,5,39.8,29.8,71.7
2005,6,73.6,34.6,71.7
2006,7,60.4,35.5,71.7
2007,8,52.0,29.1,71.7
2008,9,53.6,23.8,71.7
2009,10,67.5,17.8,71.7
2010,1,14.4,15.2,72.1
2011,2,9.9,14.0,72.1
2012,3,19.2,17.3,72.1
2013,4,33.7,24.0,72.1
2014,5,38.7,31.8,72.1
2015,6,75.2,35.0,72.1
2016,7,58.2,31.9,72.1
2017,8,51.0,29.6,72.1
2018,9,53.7,21.5,72.1
2019,10,66.8,17.2,72.1
2020,1,14.0,17.8,72.4
2021,2,9.9,14.6,72.4
2022,3,18.1,19.3,72.4
2023,4,34.3,24.7,72.4
2024,5,41.1,31.4,72.4
2025,6,72.4,35.1,72.4
2026,7,57.5,32.9,72.4
2027,8,49.5,29.2,72.4
2028,9,56.3,22.9,72.4
2029,10,70.1,17.3,72.4
2030,1,13.5,16.8,72.8
2031,2,9.2,14.2,72.8
2032,3,20.3,18.6,72.8
2033,4,34.9,26.6,72.8
2034,5,40.7,30.7,72.8
2035,6,73.2,33.0,72.8
2036,7,55.3,31.8,72.8
2037,8,51.7,27.3,72.8
2038,9,55.1,19.6,72.8
2039,10,69.5,14.1,72.8
2040,1,12.4,17.7,73.1
2041,2,11.5,15.6,73.1
2042,3,22.8,20.1,73.1
2043,4,37.5,27.7,73.1
2044,5,40.2,32.2,73.1
2045,6,68.9,35.6,73.1
2046,7,57.1,32.0,73.1
2047,8,48.2,27.4,73.1
2048,9,58.1,19.1,73.1
2049,10,71.1,13.8,73.1
2050,1,10.9,13.5,73.5
2051,2,10.4,17.7,73.5
2052,3,24.9,19.8,73.5
2053,4,36.5,27.5,73.5
2054,5,39.2,33.9,73.5
2055,6,66.6,33.3,73.5
2056,7,53.6,33.6,73.5
2057,8,52.0,25.6,73.5
2058,9,61.5,18.6,73.5
2059,10,74.3,14.2,73.5
2060,1,12.9,15.6,73.9
2061,2,11.7,15.7,73.9
2062,3,24.0,19.4,73.9
2063,4,37.1,29.8,73.9
2064,5,39.6,35.2,73.9
2065,6,68.1,36.2,73.9
2066,7,53.6,32.5,73.9
2067,8,52.6,25.7,73.9
2068,9,62.4,19.9,73.9
2069,10,77.1,15.1,73.9
2070,1,10.5,15.5,74.2
2071,2,11.6,14.8,74.2
2072,3,25.2,22.2,74.2
2073,4,40.5,29.2,74.2
2074,5,36.7,33.0,74.2
2075,6,67.0,34.9,74.2
2076,7,50.5,32.6,74.2
2077,8,50.3,23.2,74.2
2078,9,63.4,19.7,74.2
2079,10,74.5,16.8,74.2
2080,1,10.2,14.5,74.6
2081,2,16.3,15.9,74.6
2082,3,30.5,23.2,74.6
2083,4,40.9,29.3,74.6
2084,5,35.5,35.0,74.6
2085,6,64.9,33.5,74.6
2086,7,50.4,29.6,74.6
2087,8,52.6,22.6,74.6
2088,9,62.9,19.5,74.6
2089,10,78.0,15.7,74.6
2090,1,10.5,16.1,74.9
2091,2,15.9,15.3,74.9
2092,3,29.9,23.5,74.9
2093,4,39.6,31.7,74.9
2094,5,37.4,35.8,74.9
2095,6,62.0,36.4,74.9
2096,7,52.7,29.3,74.9
2097,8,51.7,23.7,74.9
2098,9,64.0,18.6,74.9
2099,10,78.0,15.2,74.9
2100,1,10.0,14.6,75.3
2101,2,18.0,16.4,75.3
2102,3,33.5,24.6,75.3
2103,4,39.7,31.2,75.3
2104,5,32.5,33.4,75.3
2105,6,60.7,33.5,75.3
2106,7,50.9,28.5,75.3
2107,8,54.2,21.6,75.3
2108,9,67.5,17.4,75.3
2109,10,78.3,15.0,75.3
2110,1,9.0,15.9,75.7
2111,2,18.3,19.7,75.7
2112,3,32.3,23.3,75.7
2113,4,38.5,31.4,75.7
2114,5,31.9,33.2,75.7
2115,6,57.7,32.8,75.7
2116,7,49.9,28.2,75.7
2117,8,53.9,23.7,75.7
2118,9,67.9,17.7,75.7
2119,10,78.1,15.1,75.7
2120,1,12.4,16.6,76.0
2121,2,20.2,19.6,76.0
2122,3,35.4,24.4,76.0
2123,4,40.2,31.9,76.0
2124,5,31.4,35.7,76.0
2125,6,55.7,34.8,76.0
2126,7,49.9,28.7,76.0
2127,8,56.1,20.6,76.0
2128,9,70.1,16.4,76.0
2129,10,81.5,14.2,76.0
2130,1,9.0,13.9,76.4
2131,2,23.3,21.2,76.4
2132,3,34.4,26.3,76.4
2133,4,40.2,30.9,76.4
2134,5,31.3,34.4,76.4
2135,6,56.7,33.0,76.4
2136,7,51.0,28.9,76.4
2137,8,57.4,19.7,76.4
2138,9,72.8,14.4,76.4
2139,10,78.6,16.6,76.4
2140,1,10.8,16.1,76.7
2141,2,23.5,21.3,76.7
2142,3,34.8,25.3,76.7
2143,4,38.2,31.9,76.7
2144,5,28.1,34.1,76.7
2145,6,55.5,31.8,76.7
2146,7,50.0,28.2,76.7
2147,8,58.5,20.4,76.7
2148,9,75.3,15.3,76.7
2149,10,78.7,13.7,76.7
2150,1,13.3,16.5,77.1
2151,2,26.7,21.4,77.1
2152,3,35.9,26.1,77.1
2153,4,37.1,31.3,77.1
2154,5,28.7,35.2,77.1
2155,6,51.8,31.8,77.1
2156,7,51.7,24.3,77.1
2157,8,59.8,18.0,77.1
2158,9,75.4,16.9,77.1
2159,10,79.1,14.9,77.1
2160,1,12.5,16.7,77.5
2161,2,25.3,22.7,77.5
2162,3,36.6,28.8,77.5
2163,4,39.3,32.8,77.5
2164,5,25.3,36.8,77.5
2165,6,52.7,30.7,77.5
2166,7,51.0,27.1,77.5
2167,8,63.3,17.4,77.5
2168,9,76.5,15.7,77.5
2169,10,80.0,16.5,77.5
2170,1,14.4,17.0,77.8
2171,2,27.3,21.3,77.8
2172,3,39.2,29.9,77.8
2173,4,36.8,33.3,77.8
2174,5,23.1,34.0,77.8
2175,6,49.9,32.4,77.8
2176,7,53.2,24.0,77.8
2177,8,63.7,16.3,77.8
2178,9,78.7,16.9,77.8
2179,10,79.0,14.6,77.8
2180,1,15.4,16.1,78.2
2181,2,28.7,20.7,78.2
2182,3,39.1,29.1,78.2
2183,4,36.2,33.8,78.2
2184,5,20.9,35.5,78.2
2185,6,50.7,30.0,78.2
2186,7,51.8,23.5,78.2
2187,8,64.6,18.7,78.2
2188,9,79.6,16.2,78.2
2189,10,79.1,16.2,78.2
2190,1,17.7,18.5,78.5
2191,2,30.7,24.6,78.5
2192,3,38.6,29.1,78.5
2193,4,35.5,34.9,78.5
2194,5,20.0,34.9,78.5
2195,6,49.4,28.0,78.5
2196,7,51.8,23.4,78.5
2197,8,65.7,15.7,78.5
2198,9,77.7,15.9,78.5
2199,10,78.6,16.3,78.5
2200,1,16.9,17.8,78.9
2201,2,32.0,23.3,78.9
2202,3,41.2,32.6,78.9
2203,4,33.4,35.8,78.9
2204,5,18.5,35.5,78.9
2205,6,52.0,27.5,78.9
2206,7,55.9,20.7,78.9
2207,8,68.7,15.6,78.9
2208,9,80.6,16.3,78.9
2209,10,77.9,16.4,78.9
2210,1,20.6,17.3,79.2
2211,2,34.9,24.4,79.2
2212,3,40.9,29.3,79.2
2213,4,32.2,35.9,79.2
2214,5,18.1,35.7,79.2
2215,6,49.9,29.4,79.2
2216,7,55.1,21.1,79.2
2217,8,70.6,14.6,79.2
2218,9,81.4,15.2,79.2
2219,10,74.7,18.9,79.2
2220,1,20.0,20.4,79.6
2221,2,36.6,24.3,79.6
2222,3,38.2,32.3,79.6
2223,4,30.1,33.6,79.6
2224,5,15.6,31.9,79.6
2225,6,51.2,26.0,79.6
2226,7,55.5,22.2,79.6
2227,8,71.6,16.5,79.6
2228,9,79.4,13.6,79.6
2229,10,73.0,17.4,79.6
2230,1,23.5,21.3,80.0
2231,2,38.4,26.7,80.0
2232,3,37.6,32.9,80.0
2233,4,29.9,36.2,80.0
2234,5,13.5,31.9,80.0
2235,6,52.1,28.3,80.0
2236,7,60.0,21.6,80.0
2237,8,73.0,14.5,80.0
2238,9,80.8,14.9,80.0
2239,10,71.5,21.3,80.0
2240,1,24.3,19.8,80.3
2241,2,36.4,27.6,80.3
2242,3,37.7,31.5,80.3
2243,4,27.1,35.9,80.3
2244,5,13.2,33.9,80.3
2245,6,52.1,26.8,80.3
2246,7,58.5,18.5,80.3
2247,8,73.5,14.6,80.3
2248,9,79.4,13.7,80.3
2249,10,72.3,19.7,80.3
2250,1,24.9,18.8,80.7
2251,2,39.6,28.7,80.7
2252,3,37.1,34.1,80.7
2253,4,26.6,35.1,80.7
2254,5,12.5,32.1,80.7
2255,6,51.0,26.0,80.7
2256,7,62.4,18.5,80.7
2257,8,76.3,13.8,80.7
2258,9,79.7,14.3,80.7
2259,10,71.4,19.4,80.7
2260,1,29.0,20.1,81.0
2261,2,38.7,26.6,81.0
2262,3,37.7,34.9,81.0
2263,4,25.2,35.0,81.0
2264,5,13.0,30.6,81.0
2265,6,51.0,25.6,81.0
2266,7,61.5,20.4,81.0
2267,8,75.4,15.1,81.0
2268,9,80.8,14.6,81.0
2269,10,70.0,19.7,81.0
2270,1,29.5,23.8,81.4
2271,2,39.1,28.4,81.4
2272,3,37.1,35.2,81.4
2273,4,21.9,32.9,81.4
2274,5,9.6,30.2,81.4
2275,6,54.2,26.2,81.4
2276,7,63.4,19.0,81.4
2277,8,77.8,13.8,81.4
2278,9,78.7,15.7,81.4
2279,10,67.6,20.9,81.4
2280,1,31.9,22.5,81.8
2281,2,38.2,30.2,81.8
2282,3,34.5,34.1,81.8
2283,4,21.7,36.1,81.8
2284,5,9.4,29.0,81.8
2285,6,53.1,23.0,81.8
2286,7,65.5,19.5,81.8
2287,8,78.3,14.4,81.8
2288,9,77.0,19.1,81.8
2289,10,64.6,22.5,81.8
2290,1,33.2,23.1,82.1
2291,2,40.9,30.6,82.1
2292,3,34.3,33.3,82.1
2293,4,20.8,36.0,82.1
2294,5,9.4,31.6,82.1
2295,6,54.2,22.6,82.1
2296,7,69.1,19.1,82.1
2297,8,79.4,15.1,82.1
2298,9,79.0,16.7,82.1
2299,10,63.1,22.5,82.1
2300,1,35.1,22.3,82.5
2301,2,41.3,31.6,82.5
2302,3,31.6,34.9,82.5
2303,4,18.4,35.7,82.5
2304,5,8.7,27.2,82.5
2305,6,55.2,20.8,82.5
2306,7,69.4,17.0,82.5
2307,8,78.5,16.3,82.5
2308,9,74.2,17.7,82.5
2309,10,63.8,25.3,82.5
2310,1,35.6,26.0,82.8
2311,2,38.6,32.6,82.8
2312,3,32.1,35.1,82.8
2313,4,18.6,34.1,82.8
2314,5,9.2,29.4,82.8
2315,6,57.1,20.0,82.8
2316,7,69.4,17.5,82.8
2317,8,79.2,16.4,82.8
2318,9,74.5,20.0,82.8
2319,10,62.3,23.9,82.8
2320,1,36.7,26.0,83.2
2321,2,37.6,33.0,83.2
2322,3,29.2,34.2,83.2
2323,4,13.7,33.5,83.2
2324,5,8.7,27.8,83.2
2325,6,57.3,19.1,83.2
2326,7,73.7,15.6,83.2
2327,8,79.8,15.7,83.2
2328,9,73.5,18.1,83.2
2329,10,58.3,25.4,83.2
2330,1,35.4,24.5,83.5
2331,2,39.4,30.5,83.5
2332,3,27.9,33.3,83.5
2333,4,14.5,34.1,83.5
2334,5,8.8,25.7,83.5
2335,6,59.9,20.3,83.5
2336,7,74.5,14.5,83.5
2337,8,80.4,16.4,83.5
2338,9,71.3,18.0,83.5
2339,10,59.0,25.7,83.5
2340,1,39.6,25.4,83.9
2341,2,39.1,32.5,83.9
2342,3,26.0,34.3,83.9
2343,4,13.7,30.5,83.9
2344,5,10.0,28.3,83.9
2345,6,61.8,21.7,83.9
2346,7,75.0,14.1,83.9
2347,8,77.9,17.0,83.9
2348,9,69.5,19.9,83.9
2349,10,57.4,28.6,83.9
2350,1,37.2,26.0,84.3
2351,2,39.3,35.0,84.3
2352,3,26.2,36.2,84.3
2353,4,10.3,32.7,84.3
2354,5,9.9,25.4,84.3
2355,6,61.2,17.9,84.3
2356,7,76.7,14.1,84.3
2357,8,79.4,15.1,84.3
2358,9,68.9,22.0,84.3
2359,10,53.5,28.7,84.3
2360,1,37.3,28.7,84.6
2361,2,37.4,31.8,84.6
2362,3,22.1,34.0,84.6
2363,4,12.8,31.9,84.6
2364,5,10.3,25.6,84.6
2365,6,62.5,18.1,84.6
2366,7,76.4,16.6,84.6
2367,8,79.5,17.8,84.6
2368,9,65.7,23.1,84.6
2369,10,54.6,27.4,84.6
2370,1,39.2,31.0,85.0
2371,2,33.9,33.3,85.0
2372,3,23.1,34.8,85.0
2373,4,9.6,30.8,85.0
2374,5,12.9,25.9,85.0
2375,6,64.3,17.0,85.0
2376,7,78.4,14.4,85.0
2377,8,77.6,15.4,85.0
2378,9,65.2,21.8,85.0
2379,10,53.4,28.2,85.0
2380,1,41.8,29.6,85.3
2381,2,35.7,34.8,85.3
2382,3,21.9,36.1,85.3
2383,4,11.7,28.4,85.3
2384,5,14.2,22.7,85.3
2385,6,66.2,19.1,85.3
2386,7,79.5,13.4,85.3
2387,8,76.9,19.0,85.3
2388,9,65.0,23.5,85.3
2389,10,51.0,28.7,85.3
2390,1,38.6,32.2,85.7
2391,2,34.7,33.8,85.7
2392,3,18.8,33.1,85.7
2393,4,8.7,29.8,85.7
2394,5,16.5,24.3,85.7
2395,6,68.6,17.9,85.7
2396,7,79.5,13.6,85.7
2397,8,78.2,19.6,85.7
2398,9,61.3,25.5,85.7
2399,10,53.0,29.7,85.7
2400,1,40.1,32.8,86.1
2401,2,29.9,34.0,86.1
2402,3,18.6,34.8,86.1
2403,4,11.1,30.4,86.1
2404,5,16.4,21.7,86.1
2405,6,70.8,18.3,86.1
2406,7,81.4,16.8,86.1
2407,8,74.1,19.4,86.1
2408,9,59.4,23.3,86.1
2409,10,51.7,31.6,86.1
2410,1,38.7,31.7,86.4
2411,2,29.1,33.8,86.4
2412,3,16.7,33.1,86.4
2413,4,10.8,28.2,86.4
2414,5,17.9,21.9,86.4
2415,6,73.1,15.8,86.4
2416,7,81.4,15.1,86.4
2417,8,72.5,17.5,86.4
2418,9,57.8,26.2,86.4
2419,10,48.4,30.7,86.4
2420,1,38.8,33.0,86.8
2421,2,30.4,36.0,86.8
2422,3,12.9,34.9,86.8
2423,4,12.2,29.0,86.8
2424,5,19.5,20.0,86.8
2425,6,73.6,14.9,86.8
2426,7,79.6,13.5,86.8
2427,8,73.4,18.9,86.8
2428,9,57.3,26.4,86.8
2429,10,51.0,32.5,86.8
2430,1,38.8,34.0,87.1
2431,2,28.3,35.1,87.1
2432,3,13.5,34.1,87.1
2433,4,8.8,29.0,87.1
2434,5,20.8,19.8,87.1
2435,6,75.8,15.9,87.1
2436,7,79.9,16.1,87.1
2437,8,69.4,19.0,87.1
2438,9,56.5,25.8,87.1
2439,10,51.3,32.4,87.1
2440,1,37.5,33.4,87.5
2441,2,23.6,35.1,87.5
2442,3,11.1,33.6,87.5
2443,4,18.5,6.0,87.5
2444,5,21.0,20.6,87.5
2445,6,77.9,16.2,87.5
2446,7,78.0,15.5,87.5
2447,8,69.3,19.3,87.5
2448,9,55.8,28.2,87.5
2449,10,48.9,32.9,87.5
2450,1,36.1,34.1,87.8
2451,2,25.6,36.1,87.8
2452,3,12.7,30.4,87.8
2453,4,10.3,25.4,87.8
2454,5,23.3,19.1,87.8
2455,6,76.5,16.4,87.8
2456,7,79.1,17.9,87.8
2457,8,67.8,20.6,87.8
2458,9,55.5,29.6,87.8
2459,10,50.6,34.0,87.8
2460,1,34.5,35.2,88.2
2461,2,20.9,35.7,88.2
2462,3,10.8,30.5,88.2
2463,4,13.8,24.6,88.2
2464,5,26.2,16.9,88.2
2465,6,76.5,13.9,88.2
2466,7,78.8,15.5,88.2
2467,8,66.3,23.3,88.2
2468,9,53.4,26.7,88.2
2469,10,52.3,32.8,88.2
2470,1,35.0,34.0,88.6
2471,2,20.1,33.0,88.6
2472,3,10.9,29.6,88.6
2473,4,14.1,24.5,88.6
2474,5,27.7,19.1,88.6
2475,6,77.0,13.6,88.6
2476,7,78.0,15.1,88.6
2477,8,66.1,23.3,88.6
2478,9,53.6,28.6,88.6
2479,10,53.2,32.4,88.6
2480,1,33.2,33.0,88.9
2481,2,19.9,34.9,88.9
2482,3,11.0,30.5,88.9
2483,4,16.0,22.1,88.9
2484,5,28.6,17.7,88.9
2485,6,81.0,13.4,88.9
2486,7,75.8,16.8,88.9
2487,8,62.8,21.5,88.9
2488,9,51.3,30.2,88.9
2489,10,51.3,32.9,88.9
2490,1,32.8,33.7,89.3
2491,2,17.7,34.3,89.3
2492,3,10.8,29.9,89.3
2493,4,14.6,23.5,89.3
2494,5,31.0,18.9,89.3
2495,6,79.6,15.8,89.3
2496,7,77.2,19.8,89.3
2497,8,60.7,24.4,89.3
2498,9,50.1,30.7,89.3
2499,10,55.1,34.0,89.3
2500,1,29.3,35.0,89.6
2501,2,16.5,34.4,89.6
2502,3,10.0,27.6,89.6
2503,4,17.8,22.9,89.6
2504,5,33.6,14.6,89.6
2505,6,78.0,15.6,89.6
2506,7,72.9,19.6,89.6
2507,8,61.4,26.6,89.6
2508,9,50.1,30.5,89.6
2509,10,54.3,35.3,89.6
